1930.0000000000043
740
1949.999999999999
540
1938.0000000000034
660
1948.0000000000032
560
1942.0000000000066
620
1928.000000000002
760
1947.9999999999995
560
1945.9999999999982
580
1928.0000000000023
760
1935.9999999999984
680
1949.9999999999975
540
1945.9999999999932
580
1940.0000000000025
640
1936.0000000000016
680
1936.0000000000023
680
1933.9999999999943
700
1954.0000000000039
500
1952.0000000000034
520
1949.9999999999964
540
1933.101449275358
680
1943.9999999999961
600
1943.9999999999925
600
1932.0000000000018
720
1933.9999999999918
700
1948.0000000000032
560
1944.0000000000045
600
1936.000000000006
680
1934.0000000000005
700
1936.0000000000034
680
1944.0000000000014
600
805.0724637680664
2520
1938.0000000000034
660
1949.9999999999977
540
1951.9999999999966
520
1938.0000000000016
660
1927.9999999999993
760
1938.0000000000102
660
1943.9999999999914
600
1949.9999999999966
540
1951.9999999999968
520
1940.000000000004
640
1935.9999999999916
680
1939.9999999999932
640
1943.9999999999977
600
1938.0000000000018
660
1934.0000000000023
700
1928.0000000000077
760
1942.0000000000048
620
1939.9999999999984
640
1925.9999999999977
780
1933.9999999999943
700
1949.9999999999952
540
1936.0000000000123
680
1927.9999999999957
760
1941.9999999999989
620
1944.0
600
1932.0000000000032
720
1931.9999999999907
720
1935.9999999999975
680
1938.0000000000007
660
1948.0000000000057
560
1937.9999999999957
660
1930.2028985507225
680
1937.9999999999886
660
1939.9999999999961
640
1930.000000000011
740
1925.304347826081
700
1937.9999999999966
660
1957.9999999999975
460
1934.0000000000027
700
1952.0000000000032
520
1956.0000000000011
480
1941.9999999999945
620
1940.0000000000011
640
1949.9999999999943
540
1927.999999999991
760
1940.0000000000055
640
1942.0000000000036
620
1953.9999999999945
500
1904.0000000000073
1000
1945.9999999999964
580
1947.999999999994
560
1923.9999999999986
800
1944.0000000000011
600
1932.000000000001
720
1940.0000000000084
640
1946.0000000000023
580
1938.0000000000027
660
1950.0000000000075
540
1932.00000000001
720
1944.2028985507247
540
1931.9999999999923
720
1943.9999999999886
600
1934.0000000000084
700
1945.9999999999939
580
1951.999999999999
520
1951.9999999999993
520
1943.999999999996
600
1942.000000000001
620
1937.9999999999882
660
