1892.2028985507277
1060
1828.202898550737
1700
1905.999999999996
980
1905.999999999997
980
1903.9999999999975
1000
1890.0000000000007
1140
1902.0000000000025
1020
1911.9999999999955
920
1894.0
1100
1898.0000000000011
1060
1901.9999999999986
1020
1890.0000000000048
1140
1918.0000000000045
860
1905.9999999999984
980
1890.0000000000032
1140
1898.0000000000105
1060
1902.000000000001
1020
1894.2028985507266
1040
1913.9999999999902
900
1888.000000000005
1160
1897.9999999999945
1060
1913.101449275366
880
1890.000000000002
1140
1898.2028985507293
1000
1898.0000000000014
1060
1899.101449275372
1020
1891.9999999999995
1120
1902.000000000008
1020
1890.2028985507256
1080
1884.2028985507227
1140
1894.202898550735
1040
1908.202898550727
900
1882.2028985507227
1160
1906.0000000000136
980
1922.0000000000048
820
1904.00000000001
1000
1914.0
900
1910.000000000008
940
1916.000000000012
880
1894.0000000000034
1100
1902.0000000000025
1020
1894.2028985507195
1040
1894.0000000000025
1100
1886.0000000000048
1180
1895.9999999999889
1080
1905.999999999999
980
1912.0000000000016
920
1886.2028985507168
1120
1883.101449275363
1180
1892.000000000004
1120
1888.2028985507268
1100
1890.000000000001
1140
1904.0000000000048
1000
1896.0000000000036
1080
1924.0000000000039
800
1880.2028985507359
1180
1920.000000000001
840
1912.000000000007
920
1898.2028985507266
1000
1899.9999999999968
1040
1900.0000000000018
1040
1909.999999999998
940
1904.202898550718
940
1872.2028985507284
1260
1900.0000000000093
1040
1888.2028985507234
1100
1896.0000000000045
1080
1904.0000000000045
1000
1900.0000000000036
1040
1892.2028985507297
1060
1916.0000000000045
880
1905.1014492753675
960
1868.0000000000066
1360
1898.2028985507252
1000
1896.0000000000034
1080
1896.0000000000057
1080
1890.2028985507245
1080
1896.2028985507247
1020
1909.101449275357
920
1884.2028985507236
1140
1896.2028985507332
1020
1897.9999999999986
1060
1904.0000000000045
1000
1930.0000000000025
740
1890.0000000000073
1140
1902.0000000000016
1020
1884.0000000000116
1200
1914.0000000000143
900
1899.9999999999966
1040
1882.2028985507336
1160
1900.0000000000005
1040
1886.2028985507332
1120
1904.0000000000098
1000
1907.1014492753657
940
1887.999999999985
1160
1913.9999999999927
900
1902.0000000000057
1020
1912.2028985507302
860
1882.0000000000139
1220
1889.999999999997
1140
