1892.0000000000139
1120
1906.0000000000027
980
1882.2028985507252
1160
1902.0000000000134
1020
1896.2028985507295
1020
1906.0000000000125
980
1904.0000000000111
1000
1870.0000000000064
1340
1894.2028985507354
1040
1904.0000000000036
1000
1893.9999999999982
1100
1899.9999999999934
1040
1893.999999999999
1100
1900.0000000000098
1040
1908.0000000000057
960
1903.9999999999932
1000
1878.000000000013
1260
1902.0000000000111
1020
1924.0000000000005
800
1885.1014492753684
1160
1901.9999999999957
1020
1890.0000000000048
1140
1910.000000000001
940
1904.000000000001
1000
1905.9999999999836
980
1887.9999999999902
1160
1897.9999999999914
1060
1904.0000000000084
1000
1894.000000000005
1100
1901.999999999999
1020
1894.2028985507343
1040
1902.0000000000036
1020
1888.2028985507247
1100
1891.999999999986
1120
1886.202898550719
1120
1903.9999999999968
1000
1899.9999999999998
1040
1880.202898550728
1180
1893.999999999992
1100
1889.9999999999964
1140
1900.0000000000027
1040
1918.000000000002
860
1906.0000000000007
980
1896.0000000000032
1080
1882.0000000000075
1220
1894.0000000000016
1100
1888.000000000009
1160
1911.9999999999966
920
1902.0000000000084
1020
1907.9999999999945
960
1896.000000000004
1080
1877.999999999995
1260
1883.9999999999955
1200
1905.9999999999973
980
1901.9999999999905
1020
1891.999999999995
1120
1906.0000000000118
980
1893.9999999999945
1100
1900.202898550731
980
1876.000000000006
1280
1891.9999999999989
1120
1911.999999999999
920
1905.9999999999955
980
1890.0000000000007
1140
1901.1014492753504
1000
1893.999999999994
1100
1891.1014492753586
1100
1906.0000000000039
980
1908.0000000000114
960
1880.0000000000066
1240
1924.000000000002
800
1908.0000000000039
960
1892.0000000000114
1120
1881.1014492753561
1200
1890.000000000005
1140
1897.1014492753654
1040
1897.9999999999984
1060
1880.2028985507386
1180
1910.0000000000016
940
1890.2028985507263
1080
1889.9999999999986
1140
1892.2028985507193
1060
1887.9999999999886
1160
1903.9999999999936
1000
1899.9999999999955
1040
1903.101449275378
980
1898.0000000000032
1060
1906.0000000000148
980
1891.9999999999823
1120
1908.0000000000002
960
1918.0000000000014
860
1894.0000000000045
1100
1913.9999999999973
900
1879.1014492753707
1220
1900.2028985507318
980
1889.9999999999982
1140
1888.0000000000132
1160
1915.9999999999975
880
1914.0000000000011
900
1894.2028985507177
1040
