1936.0000000000002
680
1932.0000000000025
720
1943.9999999999984
600
1924.0000000000039
800
1941.999999999996
620
1940.000000000006
640
1948.0000000000011
560
1934.0000000000032
700
1942.000000000003
620
1930.0000000000057
740
1943.9999999999927
600
1935.9999999999848
680
1925.9999999999977
780
1934.0000000000093
700
1949.9999999999982
540
1937.9999999999998
660
1931.9999999999923
720
1934.000000000004
700
1944.0000000000084
600
1946.000000000001
580
1935.9999999999998
680
1925.999999999999
780
1931.1014492753623
700
1694.9275362320504
2520
1937.9999999999982
660
1947.9999999999986
560
1940.0000000000007
640
1947.9999999999934
560
1912.0000000000039
920
1934.0000000000045
700
1928.0000000000061
760
1940.0000000000018
640
1955.9999999999943
480
1947.9999999999955
560
1932.0000000000025
720
1937.9999999999966
660
1943.9999999999984
600
1937.9999999999993
660
1944.0000000000036
600
1947.9999999999957
560
1948.0000000000011
560
1942.0000000000043
620
1943.9999999999925
600
1938.0000000000068
660
1935.999999999998
680
1939.9999999999945
640
1946.0000000000002
580
1943.9999999999986
600
1937.999999999998
660
1951.9999999999968
520
1954.0000000000007
500
1919.9999999999943
840
1935.9999999999975
680
1944.0000000000066
600
1939.9999999999986
640
1930.000000000005
740
1934.000000000006
700
1925.1014492753568
760
1929.9999999999902
740
1953.9999999999923
500
1934.0000000000143
700
1941.9999999999998
620
1945.9999999999986
580
1931.9999999999984
720
1786.0000000000869
2180
1921.999999999997
820
1945.9999999999973
580
1935.9999999999966
680
1945.9999999999945
580
1927.1014492753625
740
1936.000000000006
680
1943.9999999999957
600
1935.9999999999945
680
1936.0000000000034
680
1913.9999999999923
900
1939.9999999999927
640
1932.000000000004
720
1946.0000000000007
580
1942.0000000000018
620
1947.999999999995
560
1942.0000000000048
620
1930.000000000004
740
1917.9999999999948
860
1934.000000000006
700
1941.999999999998
620
1930.0000000000118
740
1938.0000000000114
660
1939.9999999999984
640
1946.0
580
1940.0000000000014
640
1946.0000000000011
580
1950.0000000000048
540
1944.0000000000039
600
1952.0000000000055
520
1951.9999999999989
520
1942.0000000000007
620
1947.9999999999989
560
1942.000000000001
620
1947.9999999999986
560
1935.9999999999932
680
