1937.999999999999
660
1927.9999999999982
760
1956.0000000000057
480
1951.9999999999957
520
1939.9999999999975
640
1936.0000000000005
680
1944.0000000000025
600
1946.0000000000002
580
1918.000000000004
860
1949.9999999999927
540
1943.9999999999982
600
1946.0000000000077
580
1937.1014492753616
640
1953.9999999999975
500
1945.9999999999961
580
1950.000000000003
540
1951.9999999999975
520
1931.9999999999986
720
1957.9999999999982
460
1876.0000000000264
1280
1937.9999999999932
660
1954.0000000000048
500
1940.0000000000057
640
1940.0000000000048
640
1960.000000000003
440
1952.0000000000016
520
1958.0
460
1939.9999999999957
640
1949.9999999999995
540
1947.9999999999966
560
1950.2028985507181
480
1949.9999999999923
540
1934.0000000000016
700
1944.0000000000068
600
1930.000000000003
740
1955.9999999999961
480
1937.9999999999957
660
1954.0000000000034
500
1937.9999999999939
660
1937.9999999999998
660
1938.0000000000014
660
1958.000000000005
460
1949.9999999999995
540
1939.9999999999998
640
1956.0000000000034
480
1936.000000000001
680
1937.9999999999907
660
1950.0000000000043
540
1950.0000000000032
540
1929.9999999999968
740
1892.0000000000234
1120
1938.000000000003
660
1732.608695652317
2520
1933.999999999992
700
1921.9999999999993
820
1961.999999999995
420
1935.9999999999998
680
1931.999999999998
720
1950.0000000000018
540
1954.000000000005
500
1918.0000000000036
860
1945.999999999991
580
1934.0000000000036
700
1946.000000000003
580
1939.9999999999943
640
1944.0000000000048
600
1934.0000000000039
700
1952.0000000000011
520
1934.0000000000005
700
1735.5072463769643
2520
1947.9999999999982
560
1946.0000000000023
580
1947.999999999998
560
1937.999999999997
660
1905.9999999999905
980
1931.9999999999893
720
1897.9999999999918
1060
1922.0000000000082
820
1949.9999999999982
540
1907.9999999999977
960
1937.9999999999973
660
1939.9999999999984
640
1928.0000000000077
760
1941.9999999999955
620
1934.0000000000068
700
1952.0000000000027
520
1943.9999999999966
600
1918.0000000000045
860
1918.0000000000075
860
1911.9999999999989
920
1950.000000000003
540
1937.9999999999895
660
1931.9999999999948
720
1954.0000000000023
500
1929.9999999999957
740
1946.000000000011
580
1951.9999999999993
520
1950.0000000000023
540
1932.000000000011
720
1945.1014492753623
560
