1922.0000000000102
820
1925.1014492753684
760
1904.000000000001
1000
1911.9999999999989
920
1927.9999999999934
760
1872.0000000000025
1320
1909.999999999996
940
1918.000000000002
860
1920.0000000000043
840
1920.0000000000055
840
1916.0000000000034
880
1925.9999999999984
780
1916.0000000000111
880
1885.9999999999834
1180
1922.000000000001
820
1936.000000000007
680
1928.0000000000084
760
1929.101449275359
720
1932.0000000000039
720
1936.0000000000048
680
1867.9999999999884
1360
1925.999999999993
780
1856.000000000032
1480
1922.2028985507375
760
1925.9999999999932
780
1918.0000000000055
860
1925.9999999999986
780
1928.0000000000016
760
1867.9999999999925
1360
-119.56521739130247
2520
1921.9999999999993
820
1920.0
840
1915.9999999999986
880
1901.9999999999861
1020
1940.0000000000075
640
1926.0000000000014
780
1926.0000000000025
780
1912.0000000000034
920
686.231884057922
2520
1926.0000000000139
780
1937.9999999999986
660
1912.0000000000077
920
1902.0000000000064
1020
1895.9999999999977
1080
1923.999999999998
800
1933.9999999999914
700
1786.0000000000925
2180
1830.0000000000637
1740
1929.999999999996
740
1925.1014492753648
760
1927.9999999999945
760
1925.9999999999945
780
1925.9999999999993
780
1926.000000000009
780
1946.0000000000007
580
1918.0000000000032
860
1931.9999999999966
720
1924.000000000002
800
1872.0000000000043
1320
1910.0000000000034
940
1919.9999999999877
840
1732.6086956523122
2520
1906.000000000004
980
1938.0000000000034
660
1927.9999999999984
760
1926.0000000000016
780
1922.0000000000032
820
1929.9999999999948
740
1929.101449275373
720
1899.999999999998
1040
1931.9999999999873
720
1914.0
900
1934.0000000000032
700
1903.9999999999911
1000
1898.0000000000123
1060
1908.0000000000116
960
1918.0000000000005
860
1802.0000000000562
2020
1917.9999999999932
860
1929.9999999999973
740
1931.9999999999989
720
1942.0000000000002
620
1879.1014492753563
1220
1919.9999999999948
840
1924.0000000000016
800
1901.99999999999
1020
1915.1014492753575
860
1933.9999999999966
700
1933.9999999999961
700
1919.9999999999993
840
1934.0000000000032
700
1924.000000000012
800
1715.2173913043837
2520
1914.0000000000061
900
1881.999999999992
1220
1931.999999999993
720
1835.999999999992
1680
1932.0000000000027
720
1915.999999999989
880
1936.0000000000043
680
