1785.9999999999786
2180
1850.0000000000132
1540
1839.9999999999839
1640
1850.000000000004
1540
805.0724637680659
2520
1872.0000000000102
1320
781.8840579709845
2520
1889.9999999999911
1140
1845.9999999999832
1580
1868.0000000000075
1360
1871.999999999979
1320
1852.000000000011
1520
1849.9999999999818
1540
1807.9999999999786
1960
1795.9999999999839
2080
1843.9999999999977
1600
1885.9999999999895
1180
1846.000000000002
1580
1863.9999999999945
1400
436.95652173908957
2520
1865.9999999999843
1380
1837.9999999999875
1660
1578.9855072463715
2520
1892.0000000000066
1120
-235.50724637680247
2520
1865.1014492753545
1360
1838.0000000000018
1660
1834.0000000000018
1700
-171.73913043477765
2520
1889.9999999999916
1140
1763.9999999999748
2400
1552.8985507246348
2520
1854.0000000000032
1500
1761.9999999999984
2420
1767.9999999999693
2360
1790.0000000000625
2140
1848.4057971014417
1440
1900.0000000000014
1040
1881.999999999996
1220
1842.0000000000136
1620
1845.9999999999952
1580
981.8840579709783
2520
1210.8695652173994
2520
1860.0000000000039
1440
1852.0000000000202
1520
509.4202898550741
2520
1804.0000000000011
2000
1871.999999999998
1320
1819.9999999999843
1840
-122.46376811593977
2520
1883.999999999994
1200
1222.4637681160516
2520
1843.9999999999936
1600
1886.0000000000064
1180
1856.0000000000086
1480
1856.0000000000173
1480
83.3333333333378
2520
1819.999999999991
1840
1796.0000000000498
2080
-154.34782608695258
2520
1823.999999999983
1800
1872.0000000000205
1320
1753.999999999992
2500
1910.0000000000205
940
1818.000000000046
1860
1865.999999999983
1380
1891.1014492753634
1100
1809.9999999999834
1940
1887.999999999994
1160
1863.9999999999905
1400
1859.999999999987
1440
1761.9999999999968
2420
1832.0000000000039
1720
-9.420289855064453
2520
1882.0000000000034
1220
1883.99999999999
1200
1895.9999999999836
1080
1868.0000000000132
1360
1890.0000000000089
1140
1063.0434782608759
2520
1858.000000000002
1460
1830.0000000000125
1740
1903.9999999999982
1000
1868.0000000000018
1360
1892.0000000000052
1120
1887.9999999999843
1160
1847.9999999999845
1560
1872.0000000000014
1320
1835.101449275371
1660
1877.9999999999923
1260
1858.0000000000098
1460
1893.9999999999939
1100
1897.9999999999964
1060
1028.2608695651766
2520
106.5217391304391
2520
1773.999999999991
2300
1839.9999999999898
1640
1820.0000000000196
1840
1841.1014492753623
1600
1819.9999999999984
1840
