109.42028985507693
2520
-18.115942028980314
2520
228.2608695651873
2520
242.75362318835798
2520
-122.46376811593693
2520
347.10144927535936
2520
-119.56521739130447
2520
1891.9999999999889
1120
1830.0000000000011
1740
1132.6086956522333
2520
-122.4637681159378
2520
-6.521739130428914
2520
689.1304347825669
2520
10.869565217400528
2520
-218.11594202897749
2520
-119.56521739130521
2520
109.42028985508017
2520
-221.01449275361506
2520
225.36231884056812
2520
1286.2318840580479
2520
-128.2608695652156
2520
-105.0724637681123
2520
321.0144927535978
2520
109.42028985507699
2520
338.4057971014537
2520
1873.1014492753573
1280
-6.521739130426612
2520
416.66666666665793
2520
-232.6086956521831
2520
-238.40579710145855
2520
225.36231884056846
2520
-221.01449275361495
2520
-105.0724637681106
2520
529.7101449274967
2520
225.36231884056585
2520
590.579710144878
2520
-238.40579710145855
2520
813.7681159420262
2520
822.4637681159115
2520
10.86956521740121
2520
428.2608695651794
2520
10.869565217395696
2520
689.1304347825666
2520
-105.07246376810906
2520
877.5362318840539
2520
428.2608695651877
2520
109.42028985508199
2520
639.8550724637274
2520
474.6376811593832
2520
-221.01449275361594
2520
-145.65217391304003
2520
628.2608695651902
2520
-105.07246376811193
2520
86.23188405797671
2520
225.36231884058904
2520
-238.40579710145852
2520
590.5797101448965
2520
-122.46376811593862
2520
842.7536231883873
2520
-122.46376811593753
2520
-6.521739130428999
2520
-122.46376811593748
2520
-105.07246376811409
2520
1152.8985507247342
2520
-122.46376811593711
2520
-238.4057971014586
2520
1823.9999999999773
1800
225.36231884057847
2520
457.2463768115525
2520
810.8695652173737
2520
1795.1014492753739
2060
-128.2608695652128
2520
-105.07246376811096
2520
10.869565217400442
2520
-221.0144927536155
2520
-6.521739130430676
2520
-136.95652173912737
2520
-105.07246376811008
2520
225.3623188405613
2520
-116.66666666666751
2520
-122.46376811593763
2520
1268.8405797102757
2520
-6.52173913042701
2520
-105.07246376811125
2520
-145.65217391303884
2520
-221.01449275361483
2520
-105.07246376811199
2520
129.7101449275463
2520
10.869565217399021
2520
225.36231884058375
2520
225.36231884056556
2520
-218.11594202897774
2520
1824.0000000000036
1800
-192.02898550724055
2520
1036.9565217391878
2520
-221.01449275361477
2520
-221.01449275361492
2520
-238.4057971014585
2520
109.4202898550817
2520
-105.07246376811102
2520
