1893.9999999999945
1100
1895.9999999999975
1080
1903.9999999999916
1000
1908.0000000000002
960
1904.0000000000025
1000
1886.2028985507284
1120
1903.1014492753754
980
1905.9999999999955
980
1896.00000000001
1080
1911.9999999999977
920
1897.9999999999986
1060
1908.000000000004
960
1898.0000000000057
1060
1892.000000000006
1120
1900.2028985507338
980
1885.9999999999982
1180
1904.0000000000052
1000
1891.9999999999966
1120
1898.000000000008
1060
1914.000000000004
900
1894.0000000000055
1100
1895.9999999999945
1080
1902.0000000000073
1020
1894.2028985507286
1040
1886.0000000000077
1180
1894.0000000000055
1100
1874.2028985507282
1240
1890.000000000011
1140
1884.202898550734
1140
1904.0000000000011
1000
1876.000000000002
1280
1896.0000000000148
1080
1882.0000000000007
1220
1903.9999999999948
1000
1899.999999999993
1040
1891.9999999999986
1120
1914.000000000001
900
1876.2028985507177
1220
1903.9999999999877
1000
1906.0000000000018
980
1899.9999999999973
1040
1894.2028985507263
1040
1892.0000000000007
1120
1898.000000000009
1060
1886.0000000000014
1180
1896.000000000014
1080
1889.1014492753604
1120
1906.0000000000036
980
1896.0000000000082
1080
1896.2028985507172
1020
1904.0000000000148
1000
1901.9999999999932
1020
1894.0000000000073
1100
1893.9999999999977
1100
1884.0000000000016
1200
1901.999999999999
1020
1898.0000000000005
1060
1898.0000000000039
1060
1889.9999999999984
1140
1908.0000000000068
960
1896.0000000000146
1080
1913.9999999999986
900
1895.9999999999973
1080
1908.0000000000068
960
1896.0000000000155
1080
1898.00000000001
1060
1900.0000000000048
1040
1892.0000000000057
1120
1892.000000000001
1120
1890.2028985507175
1080
1895.9999999999923
1080
1885.9999999999966
1180
1914.0000000000034
900
1892.0000000000132
1120
1895.9999999999998
1080
1896.0000000000082
1080
1906.0000000000125
980
1902.000000000007
1020
1915.9999999999975
880
1883.99999999999
1200
1882.0000000000125
1220
1893.999999999997
1100
1896.2028985507247
1020
1922.0000000000095
820
1892.0000000000073
1120
1892.000000000006
1120
1900.0000000000077
1040
1898.0000000000136
1060
1894.0
1100
1902.0000000000014
1020
1898.0000000000086
1060
1899.1014492753677
1020
1910.0000000000127
940
1900.000000000007
1040
1895.999999999998
1080
1907.9999999999973
960
1892.0000000000057
1120
1905.999999999999
980
1908.0000000000043
960
1884.0000000000007
1200
