1908.0000000000005
960
1899.9999999999948
1040
1884.0000000000111
1200
1886.0000000000005
1180
1883.9999999999998
1200
1906.0000000000148
980
1888.000000000007
1160
1900.2028985507116
980
1886.0000000000052
1180
1889.999999999999
1140
1908.0000000000016
960
1904.0000000000082
1000
1912.0000000000043
920
1909.9999999999932
940
1912.0000000000073
920
1901.999999999999
1020
1894.2028985507204
1040
1904.0000000000036
1000
1888.0000000000114
1160
1884.0000000000102
1200
1914.0000000000043
900
1888.0000000000116
1160
1901.999999999999
1020
1905.9999999999948
980
1888.0000000000034
1160
1888.000000000011
1160
1896.0000000000098
1080
1906.000000000011
980
1877.9999999999889
1260
1895.9999999999843
1080
1894.0000000000098
1100
1889.9999999999973
1140
1893.9999999999911
1100
1911.9999999999873
920
1903.9999999999955
1000
1902.000000000012
1020
1880.2028985507297
1180
1900.0000000000043
1040
1911.9999999999948
920
1902.000000000005
1020
1892.0000000000011
1120
1908.0000000000061
960
1892.000000000003
1120
1894.0000000000123
1100
1888.2028985507332
1100
1901.9999999999916
1020
1914.0000000000077
900
1888.202898550727
1100
1905.9999999999973
980
1912.0000000000111
920
1892.000000000003
1120
1908.000000000008
960
1904.0000000000082
1000
1907.101449275353
940
1906.000000000002
980
1920.0000000000118
840
1884.0000000000123
1200
1893.9999999999968
1100
1891.9999999999975
1120
1887.9999999999945
1160
1892.0000000000045
1120
1896.0000000000023
1080
1896.2028985507352
1020
1898.0000000000075
1060
1886.0000000000186
1180
1904.0000000000025
1000
1878.0000000000061
1260
1917.9999999999968
860
1890.0000000000093
1140
1892.00000000001
1120
1903.9999999999982
1000
1903.999999999995
1000
1898.000000000009
1060
1909.9999999999943
940
1903.999999999998
1000
1904.000000000015
1000
1898.000000000004
1060
1894.0000000000205
1100
1892.0000000000016
1120
1907.9999999999975
960
1913.9999999999864
900
1893.9999999999932
1100
1906.0000000000025
980
1906.0000000000048
980
1904.0000000000061
1000
1898.000000000002
1060
1894.2028985507375
1040
1901.9999999999989
1020
1898.0000000000025
1060
1914.0000000000073
900
1893.9999999999977
1100
1886.000000000021
1180
1928.0000000000139
760
1898.0000000000036
1060
1902.000000000008
1020
1896.0000000000057
1080
1897.9999999999961
1060
1903.9999999999993
1000
1888.2028985507293
1100
1888.0000000000082
1160
