1904.2028985507286
940
1898.0000000000068
1060
1892.0000000000048
1120
1902.0000000000039
1020
1884.2028985507302
1140
1908.000000000001
960
1887.9999999999986
1160
1906.0000000000095
980
1898.0000000000116
1060
1903.9999999999973
1000
1904.0000000000027
1000
1887.999999999997
1160
1904.0000000000036
1000
1906.0000000000016
980
1904.0000000000039
1000
1886.2028985507231
1120
1882.2028985507318
1160
1908.0000000000068
960
1888.0000000000027
1160
1886.0000000000168
1180
1908.0000000000052
960
1902.0000000000093
1020
1902.2028985507304
960
1885.1014492753675
1160
1909.9999999999961
940
1903.9999999999973
1000
1914.000000000002
900
1902.0000000000045
1020
1902.0000000000118
1020
1908.0000000000052
960
1906.0000000000052
980
1893.1014492753663
1080
1894.0000000000107
1100
1884.202898550734
1140
1900.0000000000011
1040
1906.2028985507375
920
1896.0000000000075
1080
1909.9999999999961
940
1896.0000000000018
1080
1898.000000000003
1060
1906.0000000000164
980
1896.0000000000045
1080
1892.2028985507304
1060
1896.0000000000075
1080
1907.9999999999982
960
1897.999999999999
1060
1904.0000000000075
1000
1900.000000000014
1040
1901.9999999999916
1020
1895.9999999999957
1080
1910.0000000000039
940
1887.9999999999955
1160
1895.9999999999986
1080
1880.0000000000102
1240
1916.0000000000093
880
1910.0
940
1894.0000000000027
1100
1891.101449275361
1100
1919.9999999999995
840
1887.9999999999989
1160
1895.9999999999982
1080
1884.202898550725
1140
1891.999999999992
1120
1884.000000000008
1200
1897.999999999994
1060
1894.0000000000093
1100
1902.2028985507322
960
1889.9999999999977
1140
1909.9999999999982
940
1873.9999999999968
1300
1896.0000000000002
1080
1888.000000000004
1160
1896.0000000000143
1080
1894.000000000008
1100
1892.0000000000034
1120
1894.2028985507347
1040
1890.0000000000045
1140
1906.0000000000095
980
1900.0
1040
1892.0000000000118
1120
1893.9999999999895
1100
1880.202898550731
1180
1894.2028985507309
1040
1888.202898550732
1100
1888.2028985507254
1100
1911.999999999996
920
1896.0000000000011
1080
1900.000000000011
1040
1888.0000000000018
1160
1898.0000000000016
1060
1904.202898550729
940
1900.0000000000034
1040
1900.0000000000073
1040
1904.0000000000048
1000
1911.9999999999911
920
1892.0000000000164
1120
1890.0000000000007
1140
1899.9999999999977
1040
1882.202898550738
1160
1902.0000000000043
1020
