1899.9999999999975
1040
1875.9999999999955
1280
1901.9999999999998
1020
1874.2028985507322
1240
1897.9999999999982
1060
1900.00000000001
1040
1894.2028985507416
1040
1896.0000000000136
1080
1896.0000000000032
1080
1894.0000000000068
1100
1916.0000000000152
880
1899.9999999999977
1040
1884.000000000014
1200
1906.0000000000002
980
1914.0000000000011
900
1895.9999999999952
1080
1888.0000000000011
1160
1903.9999999999984
1000
1882.0000000000061
1220
1897.9999999999911
1060
1912.0
920
1896.0000000000084
1080
1892.000000000009
1120
1888.202898550717
1100
1886.0000000000146
1180
1894.00000000001
1100
1890.0000000000164
1140
1881.9999999999984
1220
1892.0000000000057
1120
1907.9999999999934
960
1896.0000000000011
1080
1898.0000000000066
1060
1892.0000000000007
1120
1900.0000000000007
1040
1888.0000000000034
1160
1894.0000000000043
1100
1892.202898550721
1060
1899.9999999999945
1040
1898.0000000000002
1060
1897.999999999998
1060
1887.9999999999966
1160
1895.9999999999923
1080
1904.0000000000014
1000
1900.000000000006
1040
1899.99999999999
1040
1901.9999999999914
1020
1896.0000000000139
1080
1898.0000000000057
1060
1896.2028985507368
1020
1902.0000000000048
1020
1896.0000000000057
1080
1904.0000000000055
1000
1897.9999999999936
1060
1890.000000000008
1140
1888.000000000005
1160
1904.0000000000016
1000
1895.9999999999989
1080
1884.0000000000034
1200
1893.9999999999975
1100
1894.0000000000057
1100
1900.2028985507318
980
1893.9999999999936
1100
1904.0000000000107
1000
1903.9999999999993
1000
1893.9999999999982
1100
1882.202898550723
1160
1896.0000000000075
1080
1874.202898550727
1240
1896.0000000000066
1080
1878.0000000000005
1260
1890.2028985507222
1080
1897.9999999999934
1060
1895.999999999999
1080
1898.0000000000011
1060
1886.0000000000161
1180
1888.0000000000011
1160
1892.2028985507266
1060
1900.0000000000011
1040
1896.0000000000045
1080
1907.999999999997
960
1767.9999999999698
2360
1908.0000000000043
960
1900.0000000000107
1040
1901.9999999999966
1020
1901.9999999999995
1020
1902.0000000000075
1020
1910.00000000001
940
1900.0000000000052
1040
1889.9999999999998
1140
1906.0
980
1886.00000000001
1180
1904.0000000000023
1000
1898.000000000006
1060
1900.0000000000077
1040
1894.0000000000105
1100
1890.000000000003
1140
1894.2028985507225
1040
1892.0000000000052
1120
1896.0000000000105
1080
1888.2028985507225
1100
