1902.000000000007
1020
1897.9999999999918
1060
1878.2028985507422
1200
1895.9999999999961
1080
1888.2028985507282
1100
1901.9999999999875
1020
1864.00000000001
1400
1888.000000000002
1160
1887.999999999994
1160
1889.9999999999968
1140
1885.9999999999882
1180
1900.0000000000202
1040
1882.2028985507327
1160
1908.0000000000057
960
1854.0000000000075
1500
1904.0000000000014
1000
1916.0000000000093
880
1907.9999999999986
960
1882.0000000000146
1220
1884.2028985507243
1140
1887.1014492753677
1140
1887.101449275362
1140
1897.9999999999998
1060
1908.2028985507266
900
665.9420289854642
2520
1862.000000000009
1420
1876.0000000000093
1280
1884.0000000000034
1200
1900.000000000001
1040
1874.2028985507307
1240
1898.00000000001
1060
1903.999999999998
1000
1891.1014492753557
1100
1897.1014492753511
1040
1894.000000000002
1100
1881.9999999999905
1220
1912.0000000000146
920
1878.0000000000002
1260
1902.0000000000018
1020
1887.9999999999973
1160
1908.0000000000064
960
1890.2028985507186
1080
1905.9999999999932
980
1893.9999999999961
1100
1897.9999999999982
1060
1898.0000000000068
1060
1902.0000000000073
1020
1892.0000000000039
1120
1894.000000000002
1100
1896.0000000000018
1080
1872.2028985507354
1260
1892.2028985507231
1060
1911.9999999999936
920
1889.9999999999893
1140
1893.9999999999948
1100
1906.0
980
1900.0000000000064
1040
1890.0000000000005
1140
1894.0000000000098
1100
1878.000000000004
1260
1900.0000000000082
1040
1897.999999999995
1060
1905.9999999999957
980
1886.2028985507156
1120
1896.0000000000011
1080
1892.0000000000048
1120
1898.000000000004
1060
1899.9999999999923
1040
1884.0000000000111
1200
1892.0000000000093
1120
1907.9999999999993
960
1871.9999999999884
1320
1893.999999999996
1100
1904.0000000000116
1000
1897.9999999999955
1060
1878.2028985507266
1200
1901.1014492753632
1000
1888.000000000002
1160
1900.0000000000048
1040
1899.9999999999993
1040
1886.0000000000107
1180
1899.9999999999907
1040
1902.000000000006
1020
1880.0000000000055
1240
1903.9999999999998
1000
1902.0000000000039
1020
1878.0000000000125
1260
1880.0000000000118
1240
1805.9999999999955
1980
1881.9999999999932
1220
1884.000000000002
1200
1878.0
1260
1892.0000000000055
1120
1908.0000000000005
960
1898.0000000000098
1060
1895.9999999999939
1080
1890.0000000000057
1140
1890.0000000000025
1140
1906.000000000002
980
1878.000000000009
1260
