1900.0000000000039
1040
1923.9999999999977
800
1893.999999999997
1100
1884.0000000000057
1200
1895.9999999999989
1080
1876.20289855073
1220
1910.0000000000082
940
1908.0000000000066
960
1892.2028985507372
1060
1896.0000000000048
1080
1895.999999999992
1080
1912.0000000000023
920
1900.0000000000102
1040
1895.9999999999973
1080
1918.0000000000007
860
1902.2028985507288
960
1897.9999999999975
1060
1878.202898550722
1200
1902.0000000000075
1020
1889.9999999999925
1140
1906.0000000000016
980
1906.0000000000025
980
1898.0000000000075
1060
1895.9999999999964
1080
1916.000000000017
880
1906.0000000000057
980
1888.2028985507216
1100
1898.0000000000093
1060
1908.0000000000134
960
1908.0000000000057
960
1919.9999999999998
840
1897.101449275365
1040
1899.9999999999943
1040
1900.0000000000125
1040
1912.0000000000173
920
1908.0000000000057
960
1900.0000000000007
1040
1905.1014492753673
960
1910.0000000000061
940
1910.0000000000077
940
1904.0000000000107
1000
1889.9999999999982
1140
1908.0000000000111
960
1900.0000000000111
1040
1907.9999999999934
960
1908.0000000000068
960
1878.2028985507234
1200
1896.0000000000036
1080
1896.0000000000082
1080
1906.0000000000082
980
1921.9999999999975
820
1892.0000000000036
1120
1896.0000000000086
1080
1892.0000000000039
1120
1906.0000000000102
980
1900.0000000000027
1040
1900.0000000000043
1040
1904.0000000000043
1000
1894.0000000000014
1100
1889.9999999999945
1140
1891.9999999999893
1120
1908.000000000004
960
1882.2028985507304
1160
1892.0000000000075
1120
1260.1449275363727
2520
1910.0000000000005
940
1904.0000000000061
1000
1892.000000000013
1120
1888.2028985507343
1100
1906.0000000000134
980
1915.9999999999989
880
1902.0000000000007
1020
1905.9999999999952
980
1903.999999999996
1000
1902.2028985507288
960
1908.0000000000082
960
1890.000000000001
1140
1902.0000000000061
1020
1899.9999999999993
1040
1892.0000000000011
1120
1906.0000000000166
980
1894.000000000003
1100
1891.999999999993
1120
1890.0000000000077
1140
1904.000000000009
1000
1882.2028985507318
1160
1860.202898550733
1380
1909.101449275365
920
1908.0000000000055
960
1913.9999999999982
900
1901.999999999992
1020
1900.000000000005
1040
1900.2028985507263
980
1876.202898550736
1220
1892.0000000000082
1120
1894.000000000005
1100
1910.000000000005
940
1907.9999999999875
960
1913.9999999999995
900
1898.2028985507256
1000
