1884.0000000000016
1200
1889.9999999999973
1140
1904.0000000000016
1000
1890.2028985507345
1080
1910.202898550725
880
1902.0000000000011
1020
1908.000000000007
960
1913.999999999999
900
1912.2028985507184
860
1913.9999999999982
900
1906.2028985507197
920
1884.0000000000027
1200
1882.2028985507259
1160
1888.2028985507282
1100
1897.9999999999984
1060
1892.2028985507243
1060
1902.000000000004
1020
1890.0000000000111
1140
1905.9999999999961
980
1911.9999999999993
920
1910.0000000000005
940
1844.2028985507245
1540
1905.9999999999945
980
1889.9999999999886
1140
1908.000000000002
960
1883.9999999999995
1200
1899.101449275374
1020
1900.0000000000057
1040
1906.0000000000089
980
1904.0000000000073
1000
1878.0000000000146
1260
1898.0000000000045
1060
1886.0000000000102
1180
1892.0000000000075
1120
1904.000000000017
1000
1892.0000000000055
1120
1888.202898550725
1100
1900.0000000000084
1040
1898.0000000000057
1060
1902.0000000000025
1020
1900.0000000000014
1040
1899.9999999999927
1040
1907.9999999999989
960
1896.2028985507243
1020
1910.0000000000055
940
1901.9999999999998
1020
1896.0000000000018
1080
1894.0000000000057
1100
1897.9999999999975
1060
1901.9999999999973
1020
1880.202898550728
1180
1916.0000000000039
880
1894.0000000000102
1100
1898.0000000000016
1060
1912.0000000000086
920
1892.0000000000052
1120
1902.0000000000107
1020
1900.2028985507277
980
1894.0000000000077
1100
1874.2028985507334
1240
1892.0000000000032
1120
1895.1014492753613
1060
1916.0000000000043
880
1904.0000000000016
1000
1900.0000000000002
1040
1924.000000000004
800
1905.1014492753563
960
1888.0000000000048
1160
1914.0000000000014
900
1904.0000000000116
1000
1896.0000000000048
1080
1910.0000000000048
940
1874.0000000000045
1300
1908.0000000000039
960
1905.9999999999977
980
1899.101449275358
1020
1854.000000000005
1500
1893.9999999999955
1100
1906.0000000000093
980
1894.2028985507184
1040
1894.0000000000055
1100
1914.0000000000023
900
1906.0000000000105
980
1910.000000000001
940
1900.0000000000016
1040
1917.9999999999995
860
1896.0
1080
1886.202898550728
1120
1906.000000000006
980
1889.999999999982
1140
1908.000000000007
960
1898.000000000001
1060
1892.0000000000086
1120
1908.000000000007
960
1900.0000000000052
1040
1891.9999999999993
1120
1902.0000000000034
1020
1900.0000000000073
1040
1909.9999999999986
940
1896.202898550724
1020
