1892.0000000000182
1120
1891.9999999999905
1120
1896.0000000000095
1080
1907.9999999999968
960
1884.0000000000114
1200
1879.999999999993
1240
1902.0000000000082
1020
1896.0000000000014
1080
1893.9999999999986
1100
1899.9999999999977
1040
1896.0000000000007
1080
1899.9999999999984
1040
1888.000000000004
1160
1921.9999999999966
820
1877.9999999999868
1260
1913.9999999999986
900
1903.9999999999961
1000
1886.0000000000118
1180
1870.0000000000068
1340
1893.9999999999957
1100
1892.2028985507338
1060
1898.0000000000082
1060
1879.9999999999995
1240
1905.9999999999968
980
1910.000000000003
940
1891.1014492753698
1100
1896.000000000006
1080
1900.0000000000025
1040
1898.0000000000198
1060
1898.0000000000052
1060
1902.2028985507402
960
1904.000000000003
1000
1882.0000000000005
1220
1897.9999999999984
1060
1882.0000000000014
1220
1882.2028985507227
1160
1893.9999999999898
1100
1904.0000000000048
1000
1896.2028985507188
1020
1904.0000000000066
1000
1895.999999999995
1080
1916.0000000000005
880
1907.9999999999968
960
1897.1014492753632
1040
1893.999999999998
1100
1893.9999999999882
1100
1909.9999999999986
940
1894.0000000000089
1100
1894.2028985507252
1040
1883.9999999999957
1200
1904.000000000002
1000
1896.0000000000111
1080
1907.9999999999966
960
1884.0000000000073
1200
1890.0000000000077
1140
1900.0
1040
1900.000000000002
1040
1895.9999999999975
1080
1904.0000000000057
1000
1879.9999999999968
1240
1897.9999999999854
1060
1900.000000000007
1040
1884.202898550723
1140
1887.9999999999977
1160
1893.999999999998
1100
1893.101449275366
1080
1889.9999999999975
1140
1913.9999999999964
900
1884.2028985507336
1140
1907.9999999999927
960
1895.9999999999957
1080
1888.000000000006
1160
1915.9999999999986
880
1897.9999999999984
1060
1908.0000000000073
960
1902.0000000000011
1020
1893.9999999999893
1100
1896.0000000000064
1080
1920.0000000000025
840
1908.0000000000032
960
1876.0000000000057
1280
1887.999999999995
1160
1901.9999999999845
1020
1912.000000000001
920
1883.9999999999957
1200
1904.0000000000095
1000
1886.00000000001
1180
1888.000000000001
1160
1901.9999999999907
1020
1896.0000000000023
1080
1882.0000000000086
1220
1890.0000000000089
1140
1909.9999999999952
940
1892.2028985507277
1060
1905.999999999994
980
1884.0000000000086
1200
1879.9999999999998
1240
1882.0000000000023
1220
1880.2028985507266
1180
1891.9999999999934
1120
