1897.999999999995
1060
1890.0000000000045
1140
1895.9999999999984
1080
1889.9999999999966
1140
1904.0000000000161
1000
1880.000000000009
1240
1898.0000000000105
1060
1887.999999999999
1160
1899.9999999999961
1040
1886.2028985507254
1120
1894.000000000016
1100
1884.0000000000166
1200
1892.0000000000068
1120
1900.0000000000027
1040
1892.0000000000123
1120
1896.0000000000057
1080
1897.9999999999964
1060
1909.999999999987
940
1894.0000000000075
1100
1882.0000000000018
1220
1894.0000000000102
1100
1906.0000000000002
980
1893.999999999997
1100
1890.0000000000064
1140
1898.000000000007
1060
1902.0000000000148
1020
1888.0000000000066
1160
1877.9999999999961
1260
1890.0
1140
1908.0000000000077
960
1890.0000000000102
1140
1894.0000000000048
1100
1892.0000000000007
1120
1874.0000000000007
1300
1898.000000000002
1060
1890.000000000005
1140
1888.0000000000114
1160
1896.20289855072
1020
1904.000000000006
1000
1902.000000000006
1020
1895.9999999999993
1080
1884.0000000000007
1200
1891.999999999994
1120
1912.0000000000027
920
1904.000000000009
1000
1892.0000000000102
1120
1905.1014492753677
960
1885.9999999999914
1180
1898.0000000000034
1060
1894.0000000000011
1100
1896.0000000000023
1080
1893.9999999999973
1100
1893.9999999999975
1100
1912.00000000001
920
129.7101449275227
2520
1892.000000000007
1120
1903.999999999991
1000
1895.9999999999927
1080
1765.9999999999964
2380
1892.0
1120
1888.0000000000073
1160
1889.999999999999
1140
1917.9999999999968
860
1900.0000000000082
1040
1847.9999999999964
1560
1914.0000000000034
900
1908.0000000000005
960
1898.0000000000055
1060
1887.9999999999916
1160
1896.0
1080
1894.202898550724
1040
1887.9999999999977
1160
1892.0000000000084
1120
1904.0000000000043
1000
1884.0000000000098
1200
1904.0000000000036
1000
1848.0000000000077
1560
1898.0000000000116
1060
1881.9999999999995
1220
1899.9999999999945
1040
1884.0000000000055
1200
1898.0000000000061
1060
1897.9999999999998
1060
1896.00000000001
1080
361.5942028985053
2520
1895.1014492753623
1060
1890.0000000000039
1140
1926.000000000002
780
1882.0000000000043
1220
1898.0000000000086
1060
1880.0000000000039
1240
1908.0000000000007
960
1914.0000000000039
900
1896.0000000000082
1080
1906.0000000000034
980
1887.9999999999895
1160
1887.9999999999927
1160
1904.0000000000011
1000
1872.0000000000052
1320
1902.0000000000082
1020
