1888.0000000000095
1160
358.695652173865
2520
1884.0000000000023
1200
1903.999999999993
1000
1902.000000000001
1020
1894.0000000000043
1100
1889.9999999999984
1140
1840.2028985507254
1580
1902.000000000002
1020
1917.9999999999854
860
1888.0000000000148
1160
1903.9999999999973
1000
1898.0000000000127
1060
1886.000000000003
1180
1883.9999999999975
1200
1890.0000000000061
1140
1904.000000000009
1000
1898.0000000000095
1060
112.31884057971547
2520
1895.9999999999784
1080
1910.0000000000032
940
1900.2028985507293
980
1906.0000000000032
980
1890.0000000000036
1140
1893.9999999999989
1100
1890.0000000000057
1140
1889.1014492753684
1120
1887.9999999999934
1160
1882.0000000000107
1220
1894.000000000003
1100
1879.9999999999993
1240
1911.999999999998
920
1909.9999999999927
940
1894.0000000000016
1100
1909.9999999999936
940
1891.9999999999973
1120
1900.000000000006
1040
1892.0000000000048
1120
1910.000000000002
940
1881.9999999999973
1220
1903.9999999999916
1000
1906.0000000000089
980
1922.0000000000011
820
1894.0000000000027
1100
477.5362318840147
2520
1895.999999999997
1080
1892.0000000000032
1120
1890.0000000000025
1140
1886.2028985507218
1120
1891.999999999994
1120
1882.0000000000018
1220
1886.0000000000025
1180
1895.9999999999975
1080
1890.000000000004
1140
1892.2028985507209
1060
1911.9999999999961
920
129.71014492753287
2520
1901.9999999999914
1020
1898.0000000000002
1060
1895.9999999999998
1080
-131.15942028985097
2520
1901.9999999999984
1020
1884.000000000003
1200
1899.9999999999989
1040
1901.9999999999989
1020
1882.2028985507216
1160
1905.9999999999995
980
1872.2028985507197
1260
1903.9999999999868
1000
1880.2028985507302
1180
1900.0000000000107
1040
1895.1014492753682
1060
1895.9999999999902
1080
1898.2028985507268
1000
1895.999999999999
1080
1886.2028985507307
1120
1922.0000000000002
820
1900.0000000000032
1040
1891.999999999999
1120
1908.000000000006
960
1906.0000000000007
980
590.5797101448856
2520
1827.9999999999848
1760
1899.999999999993
1040
1878.2028985507225
1200
1873.9999999999975
1300
1888.2028985507186
1100
1910.0000000000011
940
1908.0000000000048
960
1906.0000000000036
980
1864.2028985507318
1340
1904.0000000000082
1000
1894.2028985507204
1040
1891.9999999999995
1120
1904.0000000000007
1000
1895.1014492753663
1060
1907.9999999999957
960
1376.086956521891
2520
1906.000000000003
980
1905.9999999999934
980
