1929.9999999999975
740
1928.0000000000036
760
1931.999999999992
720
1932.000000000008
720
1936.000000000003
680
1941.9999999999911
620
1946.000000000002
580
1931.9999999999914
720
1938.0000000000014
660
1943.9999999999914
600
1915.9999999999975
880
1941.9999999999939
620
1945.999999999998
580
1919.9999999999927
840
1910.0000000000082
940
1924.0
800
1920.0000000000014
840
1939.9999999999975
640
1918.202898550729
800
1926.0000000000016
780
1941.9999999999993
620
1927.999999999995
760
1920.0000000000086
840
1939.9999999999977
640
1778.0000000001326
2260
1936.0000000000045
680
1919.9999999999848
840
1945.9999999999986
580
1916.0000000000036
880
1924.0
800
1923.9999999999948
800
1939.9999999999984
640
1931.9999999999964
720
1941.9999999999936
620
1939.9999999999952
640
1932.0000000000007
720
1937.9999999999925
660
1911.9999999999975
920
1946.0000000000032
580
1919.9999999999984
840
1943.9999999999986
600
1947.9999999999911
560
1930.000000000011
740
1949.9999999999995
540
1932.0000000000043
720
1935.9999999999982
680
1940.0000000000036
640
1927.9999999999884
760
1924.0000000000002
800
1921.9999999999984
820
1932.0000000000023
720
1940.000000000008
640
1934.0000000000034
700
1938.0000000000005
660
1909.999999999997
940
1928.0000000000018
760
1946.0000000000025
580
1927.9999999999902
760
1942.0000000000005
620
1921.999999999997
820
1934.2028985507188
640
1932.0000000000093
720
1925.3043478260995
700
1954.000000000001
500
1939.999999999995
640
1904.0000000000002
1000
1927.9999999999914
760
1936.0
680
1933.9999999999952
700
1942.0000000000111
620
1915.9999999999936
880
1934.0000000000075
700
1925.9999999999966
780
1934.0000000000043
700
1938.0000000000002
660
1943.999999999996
600
1912.0000000000102
920
1909.9999999999948
940
1935.999999999996
680
1922.0000000000025
820
1933.9999999999964
700
1933.9999999999977
700
1923.9999999999966
800
1947.9999999999975
560
1929.999999999992
740
1938.0000000000027
660
1929.9999999999995
740
1529.710144927498
2520
1899.9999999999989
1040
1940.0000000000045
640
1925.9999999999986
780
1940.0000000000023
640
1936.0000000000036
680
1923.9999999999984
800
1934.0000000000014
700
1922.0000000000039
820
1933.999999999993
700
1943.9999999999927
600
1919.9999999999925
840
1943.9999999999932
600
