1917.9999999999957
860
1919.9999999999982
840
1929.9999999999995
740
1862.0000000000234
1420
1929.1014492753698
720
1898.0000000000193
1060
1927.999999999986
760
1908.0000000000032
960
1921.9999999999984
820
1917.999999999995
860
1941.9999999999961
620
1942.000000000006
620
1929.9999999999977
740
1902.0000000000064
1020
1900.0000000000018
1040
1916.0000000000002
880
1931.9999999999961
720
1934.000000000005
700
1932.000000000003
720
1931.9999999999986
720
1920.0000000000086
840
1916.0000000000018
880
1928.0000000000002
760
1932.202898550731
660
1898.0000000000032
1060
1915.9999999999911
880
1933.9999999999877
700
1938.000000000004
660
1901.9999999999968
1020
1906.0000000000036
980
1922.000000000013
820
1927.9999999999968
760
1919.9999999999945
840
1909.9999999999943
940
1906.0000000000005
980
1923.999999999984
800
1941.9999999999995
620
1799.999999999984
2040
1916.0000000000064
880
1925.999999999994
780
1929.9999999999977
740
1914.0000000000016
900
1914.0000000000036
900
1917.999999999998
860
1940.0000000000039
640
1896.0000000000073
1080
1899.999999999998
1040
1934.0000000000055
700
1918.0000000000045
860
1927.9999999999973
760
1938.0000000000027
660
1898.0000000000011
1060
1911.9999999999986
920
1918.000000000003
860
1930.0000000000086
740
1927.9999999999957
760
1933.999999999995
700
1921.9999999999948
820
1902.0000000000066
1020
1907.9999999999923
960
1895.999999999999
1080
1904.00000000001
1000
1921.999999999996
820
1894.202898550733
1040
1921.9999999999948
820
1902.0000000000082
1020
1930.0000000000073
740
1913.9999999999955
900
1925.9999999999989
780
1911.9999999999927
920
1928.0000000000045
760
1924.0000000000045
800
1926.000000000001
780
1920.0000000000048
840
1909.9999999999986
940
1941.9999999999995
620
1914.0000000000011
900
1935.9999999999943
680
1926.0000000000002
780
1907.9999999999927
960
1908.0000000000002
960
1867.3043478260772
1280
1923.999999999996
800
1925.9999999999955
780
1922.0000000000011
820
1925.9999999999914
780
1929.9999999999936
740
1919.9999999999957
840
1919.9999999999982
840
1919.9999999999995
840
1911.1014492753652
900
1908.0000000000045
960
1928.0000000000011
760
1906.2028985507256
920
1918.0000000000014
860
1940.0000000000095
640
1925.9999999999968
780
1914.2028985507218
840
1930.0000000000025
740
1908.0000000000082
960
