1842.0000000000077
1620
1892.0000000000055
1120
1854.0000000000068
1500
1838.0000000000007
1660
1897.1014492753645
1040
1850.00000000001
1540
1880.0000000000016
1240
1818.0000000000014
1860
1800.2028985507322
1980
1862.2028985507372
1360
1847.9999999999952
1560
1858.202898550726
1400
1861.9999999999898
1420
1847.999999999997
1560
1844.0000000000055
1600
1847.9999999999939
1560
1883.9999999999975
1200
1852.0000000000077
1520
1858.0000000000043
1460
1848.2028985507247
1500
1862.0000000000007
1420
1876.0000000000025
1280
1886.202898550738
1120
1849.9999999999927
1540
1885.1014492753634
1160
1903.999999999993
1000
1845.1014492753666
1560
1822.0000000000312
1820
1860.0000000000136
1440
1894.0000000000007
1100
1866.2028985507375
1320
1858.0000000000089
1460
1891.9999999999961
1120
1886.0000000000027
1180
1864.0000000000057
1400
1875.999999999999
1280
1872.2028985507136
1260
1861.1014492753575
1400
1892.000000000003
1120
1833.9999999999961
1700
1871.9999999999982
1320
1858.2028985507302
1400
1863.1014492753625
1380
1853.9999999999998
1500
1870.000000000018
1340
1827.9999999999957
1760
1850.000000000014
1540
1816.0000000000164
1880
1876.0000000000089
1280
1844.0000000000114
1600
1860.0000000000032
1440
1851.999999999998
1520
1895.9999999999993
1080
1833.9999999999943
1700
1802.0000000000118
2020
1884.0000000000068
1200
1864.0000000000068
1400
1823.9999999999986
1800
1865.9999999999932
1380
1889.9999999999957
1140
1849.999999999998
1540
1870.2028985507188
1280
1838.0000000000077
1660
1832.0000000000105
1720
1908.0000000000064
960
1866.202898550722
1320
1811.3043478260931
1840
1861.9999999999932
1420
1860.0000000000095
1440
1837.9999999999984
1660
1847.999999999997
1560
1851.304347826066
1440
1847.9999999999943
1560
1832.0000000000089
1720
1864.0000000000018
1400
1816.000000000018
1880
1862.000000000011
1420
1847.9999999999998
1560
1879.9999999999964
1240
1885.999999999999
1180
1816.2028985507343
1820
1866.202898550739
1320
1861.9999999999945
1420
1870.000000000016
1340
1844.0000000000102
1600
1872.0000000000043
1320
1882.000000000001
1220
1874.0000000000105
1300
1878.000000000007
1260
1811.9999999999875
1920
1872.000000000023
1320
1853.9999999999952
1500
1816.2028985507245
1820
1850.000000000001
1540
1896.0000000000039
1080
1829.9999999999943
1740
1876.0000000000102
1280
1883.101449275366
1180
1901.9999999999968
1020
1855.9999999999995
1480
