129.71014492753807
2520
494.9275362318828
2520
83.33333333333411
2520
-96.37681159420247
2520
86.23188405797136
2520
300.72463768115676
2520
-29.71014492753494
2520
10.86956521739495
2520
726.8115942028724
2520
170.2898550724679
2520
706.5217391304318
2520
202.17391304348232
2520
181.88405797101527
2520
94.92753623188614
2520
425.3623188405739
2520
378.9855072463726
2520
178.98550724637914
2520
13.76811594202839
2520
-110.86956521738963
2520
51.44927536232336
2520
-232.60869565217035
2520
445.652173913045
2520
915.2173913043432
2520
-12.318840579709077
2520
-102.17391304347804
2520
303.6231884057952
2520
132.60869565217484
2520
-64.49275362318853
2520
219.56521739130895
2520
-218.11594202898246
2520
347.10144927536106
2520
370.2898550724494
2520
16.66666666666608
2520
126.8115942029018
2520
147.10144927537027
2520
410.86956521738875
2520
150.00000000000006
2520
158.69565217391334
2520
416.6666666666714
2520
-165.9420289855047
2520
-26.811594202896593
2520
190.57971014492824
2520
60.144927536232444
2520
480.4347826086927
2520
-41.30434782608334
2520
-61.59420289855097
2520
781.8840579710156
2520
416.66666666666663
2520
318.1159420289763
2520
132.60869565217408
2520
651.4492753623014
2520
135.50724637681049
2520
222.4637681159401
2520
-81.88405797101453
2520
254.34782608695383
2520
31.159420289854847
2520
-206.52173913043063
2520
503.6231884057911
2520
254.34782608695656
2520
355.79710144927014
2520
132.6086956521773
2520
-29.71014492753696
2520
1231.1594202898655
2520
350.0000000000006
2520
36.95652173913199
2520
152.8985507246388
2520
329.7101449275368
2520
210.86956521737886
2520
202.17391304347552
2520
126.81159420289782
2520
51.44927536231886
2520
396.37681159420663
2520
242.7536231883989
2520
636.9565217391253
2520
-12.318840579710315
2520
-125.36231884058024
2520
448.55072463767146
2520
-105.07246376811332
2520
2.1739130434779286
2520
-58.69565217390668
2520
164.49275362319256
2520
97.82608695652415
2520
245.6521739130432
2520
634.057971014489
2520
202.1739130434811
2520
677.5362318840519
2520
483.3333333333282
2520
825.3623188405506
2520
-18.11594202898485
2520
726.8115942028926
2520
593.4782608695584
2520
25.362318840584734
2520
135.50724637680105
2520
231.15942028985546
2520
132.6086956521771
2520
121.01449275362276
2520
541.3043478260907
2520
-157.24637681159476
2520
68.8405797101467
2520
28.26086956521983
2520
