-9.420289855068592
2520
-334.0579710145014
2520
-334.0579710145053
2520
-334.0579710145034
2520
-334.057971014502
2520
-334.0579710145053
2520
-334.05797101450173
2520
-334.05797101449684
2520
-334.05797101448917
2520
-334.0579710144995
2520
-334.0579710145053
2520
-160.14492753623878
2520
-334.05797101450463
2520
-334.0579710145042
2520
-334.05797101450537
2520
71.73913043478768
2520
-334.0579710145008
2520
-334.0579710144913
2520
-334.0579710145008
2520
-334.05797101450463
2520
-334.0579710145042
2520
639.8550724637626
2520
-334.05797101450537
2520
-334.0579710145012
2520
-334.05797101450236
2520
-334.0579710145053
2520
-334.05797101450526
2520
-334.0579710145012
2520
-334.05797101450315
2520
-334.0579710145008
2520
-334.05797101450185
2520
-334.05797101450537
2520
-334.0579710145025
2520
-334.05797101450105
2520
-334.0579710145042
2520
-334.05797101448934
2520
-334.0579710145057
2520
-334.0579710145102
2520
-334.0579710145031
2520
-334.05797101450474
2520
-334.0579710145091
2520
-334.05797101450213
2520
-334.05797101450537
2520
-334.05797101450435
2520
-334.05797101450514
2520
-334.0579710145019
2520
-334.0579710145036
2520
-334.05797101450537
2520
-334.05797101450185
2520
-334.05797101450344
2520
-334.05797101450196
2520
-334.05797101450537
2520
-334.05797101450094
2520
-334.05797101450537
2520
-334.05797101450133
2520
54.347826086966045
2520
-334.0579710145008
2520
-334.05797101450196
2520
-334.0579710145042
2520
-334.0579710145012
2520
-334.0579710145055
2520
-334.05797101450565
2520
-163.04347826086035
2520
-334.0579710145008
2520
-334.05797101450486
2520
-334.0579710145053
2520
-334.05797101450287
2520
-334.05797101450537
2520
-334.0579710145015
2520
-334.0579710145064
2520
68.84057971015424
2520
-334.05797101450213
2520
-334.0579710145008
2520
-334.0579710145022
2520
-334.0579710145015
2520
-334.0579710145021
2520
-334.05797101450173
2520
-334.05797101450304
2520
-334.0579710145014
2520
-334.05797101450275
2520
-334.05797101450537
2520
-334.05797101450537
2520
-334.0579710145061
2520
-334.0579710145032
2520
-334.0579710145008
2520
-334.0579710145011
2520
-334.05797101450105
2520
-334.0579710145017
2520
-334.05797101450247
2520
-334.0579710145027
2520
-334.05797101450537
2520
-334.05797101450537
2520
-334.05797101450105
2520
-307.97101449275414
2520
-334.05797101450156
2520
-334.0579710144908
2520
-334.05797101450224
2520
-334.0579710145015
2520
-302.1739130434774
2520
-334.05797101450156
2520
