1874.0000000000114
1300
1890.0
1140
1890.0000000000061
1140
1878.0000000000068
1260
1895.9999999999957
1080
1880.0000000000105
1240
1888.0000000000025
1160
1870.202898550735
1280
1904.000000000001
1000
1917.9999999999961
860
1880.202898550725
1180
1886.0000000000011
1180
1888.0000000000011
1160
1890.0000000000114
1140
1884.0000000000052
1200
1902.000000000003
1020
1898.0000000000111
1060
1888.0000000000034
1160
1884.0000000000007
1200
1896.000000000013
1080
1892.0000000000005
1120
1878.2028985507318
1200
1896.2028985507243
1020
1906.0000000000018
980
1880.0000000000143
1240
1872.202898550724
1260
1884.000000000004
1200
1901.9999999999943
1020
1878.0000000000093
1260
1897.9999999999911
1060
1886.0000000000055
1180
1888.0000000000011
1160
1897.9999999999927
1060
1893.9999999999932
1100
1891.9999999999916
1120
1894.0000000000005
1100
1884.000000000001
1200
1887.1014492753648
1140
1904.0000000000025
1000
1888.2028985507138
1100
1862.0000000000025
1420
1892.000000000008
1120
1889.9999999999993
1140
1876.0000000000061
1280
1893.9999999999868
1100
1863.9999999999989
1400
1890.000000000007
1140
1896.0000000000039
1080
1879.999999999993
1240
1888.0000000000118
1160
1902.0000000000098
1020
1897.9999999999998
1060
1913.999999999998
900
1902.0000000000057
1020
1888.0000000000139
1160
1886.000000000002
1180
1902.0000000000102
1020
1884.202898550723
1140
1882.0000000000089
1220
1902.0000000000002
1020
1886.0000000000105
1180
1888.000000000002
1160
1894.2028985507282
1040
1906.0000000000034
980
1893.9999999999993
1100
1876.0000000000114
1280
1887.999999999993
1160
1872.0000000000116
1320
1881.999999999998
1220
1885.9999999999927
1180
1888.0000000000007
1160
1878.0000000000164
1260
1897.9999999999986
1060
1874.0000000000134
1300
1883.9999999999993
1200
1877.1014492753504
1240
1901.9999999999977
1020
1880.0000000000057
1240
1882.202898550733
1160
1902.0000000000002
1020
1881.999999999994
1220
1888.0000000000027
1160
1903.9999999999914
1000
1902.000000000001
1020
1890.0000000000095
1140
1884.2028985507238
1140
1897.9999999999905
1060
1886.0000000000048
1180
1889.9999999999889
1140
1897.9999999999986
1060
1885.9999999999982
1180
1895.9999999999964
1080
1901.1014492753698
1000
1884.0000000000057
1200
1867.9999999999939
1360
1903.9999999999943
1000
1884.000000000011
1200
1884.0000000000155
1200
1905.9999999999961
980
1884.202898550716
1140
