1860.0000000000043
1440
1879.999999999996
1240
1879.999999999997
1240
1888.0000000000048
1160
1884.0000000000007
1200
1866.2028985507175
1320
1888.2028985507282
1100
1881.9999999999905
1220
1846.0000000000064
1580
1895.9999999999927
1080
1898.0000000000111
1060
1881.9999999999943
1220
1874.0
1300
1860.0000000000107
1440
1888.0000000000075
1160
1866.2028985507318
1320
1859.9999999999893
1440
1872.0000000000052
1320
1870.000000000018
1340
1881.9999999999998
1220
1886.0000000000086
1180
1860.0000000000089
1440
1874.0000000000014
1300
1878.0000000000093
1260
1878.0000000000027
1260
1892.0000000000068
1120
1886.0000000000114
1180
1879.9999999999998
1240
1906.0000000000105
980
1866.0000000000048
1380
1880.0000000000155
1240
1865.9999999999998
1380
1884.0000000000143
1200
1899.9999999999923
1040
1878.202898550742
1200
1889.9999999999998
1140
1863.9999999999961
1400
1874.0000000000014
1300
1888.0000000000036
1160
1887.9999999999961
1160
1892.0000000000002
1120
1881.999999999996
1220
1874.0000000000073
1300
1887.9999999999943
1160
1868.202898550721
1300
1885.1014492753745
1160
1883.9999999999995
1200
1899.9999999999936
1040
1862.0000000000045
1420
1894.0000000000107
1100
1875.9999999999952
1280
1856.2028985507343
1420
1875.999999999989
1280
1886.000000000002
1180
1878.0000000000048
1260
1890.0000000000057
1140
1887.9999999999907
1160
1869.1014492753682
1320
1864.0000000000014
1400
1868.0000000000066
1360
1884.0000000000052
1200
1884.0000000000007
1200
1865.1014492753689
1360
1860.0000000000111
1440
1863.9999999999982
1400
1868.2028985507243
1300
1892.000000000004
1120
1871.9999999999998
1320
1856.0000000000157
1480
1896.0000000000052
1080
1872.0000000000095
1320
1887.9999999999911
1160
1867.9999999999923
1360
1868.0000000000039
1360
1900.0000000000002
1040
1884.0000000000066
1200
1886.0000000000093
1180
1863.1014492753634
1380
1876.0000000000045
1280
1872.0000000000043
1320
1884.0000000000043
1200
1872.202898550722
1260
1883.3043478260838
1120
1860.0000000000048
1440
1899.9999999999884
1040
1867.999999999997
1360
1856.0000000000016
1480
1890.0000000000045
1140
1894.0000000000148
1100
1870.0000000000016
1340
1869.9999999999918
1340
1892.000000000006
1120
1892.0000000000055
1120
1859.9999999999968
1440
1872.0000000000023
1320
1876.0000000000143
1280
1884.000000000016
1200
1879.999999999998
1240
1869.9999999999977
1340
1866.000000000006
1380
