1868.000000000013
1360
1880.000000000005
1240
1852.0000000000107
1520
1832.0000000000016
1720
1824.0000000000098
1800
1836.0000000000016
1680
1849.1014492753716
1520
1850.000000000013
1540
1818.0000000000005
1860
1867.9999999999893
1360
1847.9999999999955
1560
1875.9999999999968
1280
1846.0000000000111
1580
1851.9999999999973
1520
1848.000000000008
1560
1825.9999999999993
1780
1840.000000000022
1640
1758.0000000000089
2460
1828.000000000015
1760
1854.0
1500
1801.9999999999825
2020
1830.2028985507243
1680
1822.0000000000016
1820
1868.000000000004
1360
1820.0000000000252
1840
1846.0000000000052
1580
1856.0000000000025
1480
1838.0000000000052
1660
1804.2028985507372
1940
1857.999999999989
1460
1834.0000000000211
1700
1852.0000000000139
1520
1801.99999999999
2020
1860.0000000000014
1440
1822.202898550734
1760
1836.000000000001
1680
1854.0000000000084
1500
1892.0000000000005
1120
1832.000000000015
1720
1816.00000000002
1880
1850.0000000000082
1540
1810.000000000024
1940
1885.999999999997
1180
1832.0000000000005
1720
1840.0000000000057
1640
1841.9999999999966
1620
1844.0000000000048
1600
1796.0000000000118
2080
1838.0000000000011
1660
1804.2028985507213
1940
1826.0000000000082
1780
1824.0000000000107
1800
1833.9999999999995
1700
1838.0000000000164
1660
1831.999999999994
1720
1844.0000000000011
1600
1847.9999999999986
1560
1848.000000000004
1560
1818.0000000000193
1860
1822.0000000000025
1820
1847.9999999999955
1560
1833.999999999995
1700
1857.9999999999993
1460
1828.00000000001
1760
1794.0000000000377
2100
1865.9999999999948
1380
1830.202898550713
1680
1855.9999999999957
1480
1824.000000000022
1800
1802.0000000000016
2020
1824.000000000025
1800
1857.999999999998
1460
1818.0000000000175
1860
1820.0000000000011
1840
1856.0000000000198
1480
1800.0000000000116
2040
1821.9999999999973
1820
1832.2028985507366
1660
1822.20289855073
1760
1829.9999999999936
1740
1824.0000000000089
1800
1861.999999999999
1420
1838.0000000000089
1660
1862.0000000000045
1420
1802.0000000000089
2020
1820.0000000000023
1840
1846.000000000007
1580
1810.0000000000048
1940
1832.000000000002
1720
1836.0000000000023
1680
1837.9999999999984
1660
1868.000000000007
1360
1837.9999999999936
1660
1813.101449275388
1880
1823.9999999999968
1800
1837.9999999999986
1660
1870.2028985507284
1280
1860.0000000000025
1440
1856.0000000000011
1480
1834.2028985507213
1640
