758.695652173906
2520
1254.3478260869706
2520
1407.971014492754
2520
1196.376811594188
2520
889.1304347826022
2520
1500.724637681155
2520
973.1884057970974
2520
1445.6521739130565
2520
923.91304347824
2520
1254.3478260869642
2520
431.15942028985415
2520
1494.9275362318917
2520
1054.3478260869488
2520
1155.7971014492728
2520
1312.3188405796973
2520
1245.6521739130756
2520
961.5942028985471
2520
1584.7826086956677
2520
1329.71014492754
2520
1486.2318840579755
2520
1254.3478260869583
2520
1532.6086956521697
2520
1694.9275362319124
2520
1286.2318840579587
2520
1315.2173913043505
2520
1254.3478260869526
2520
1147.101449275359
2520
1463.0434782608734
2520
1106.521739130438
2520
1768.00000000001
2360
1321.0144927536298
2520
1138.4057971014547
2520
1552.8985507246414
2520
1254.3478260869533
2520
1129.710144927531
2520
923.9130434782402
2520
1347.1014492753866
2520
1152.8985507246355
2520
981.8840579710015
2520
1138.405797101437
2520
1065.942028985503
2520
758.6956521739194
2520
973.1884057970924
2520
1552.8985507246446
2520
1732.6086956521854
2520
1616.6666666666883
2520
1057.2463768116015
2520
981.884057971003
2520
918.1159420289716
2520
1129.710144927516
2520
1097.8260869565136
2520
1068.8405797101418
2520
1094.9275362318829
2520
1071.7391304347757
2520
981.8840579710035
2520
1552.898550724654
2520
1149.9999999999957
2520
892.0289855072373
2520
1764.0000000000284
2400
1106.5217391304327
2520
1578.9855072463658
2520
1561.594202898554
2520
1561.594202898552
2520
1405.0724637681662
2520
1213.7681159420245
2520
981.8840579710087
2520
799.2753623188277
2520
1147.1014492753654
2520
1231.1594202898636
2520
1094.9275362318858
2520
1347.101449275351
2520
1289.1304347826187
2520
1173.1884057971008
2520
964.4927536231743
2520
1176.0869565217324
2520
1445.652173913042
2520
1106.5217391303986
2520
1068.8405797101375
2520
1668.8405797101582
2520
889.1304347826083
2520
1236.9565217391394
2520
1416.6666666666633
2520
1335.507246376824
2520
1503.6231884057854
2520
1419.5652173913124
2520
1434.0579710145037
2520
1312.3188405797034
2520
990.5797101449201
2520
1245.6521739130635
2520
1129.7101449275344
2520
996.3768115941975
2520
1205.072463768109
2520
1089.1304347826097
2520
1210.8695652173844
2520
1370.2898550724565
2520
784.7826086956393
2520
1019.5652173912977
2520
1625.3623188405904
2520
1074.6376811594125
2520
1757.1014492753777
2440
