-334.0579710144939
2520
-160.14492753622798
2520
-84.78260869564973
2520
-221.0144927536182
2520
-334.0579710145013
2520
-78.98550724637653
2520
-334.0579710144908
2520
155.79710144925312
2520
115.21739130434963
2520
-116.66666666666545
2520
-334.0579710145079
2520
-299.27536231884415
2520
-189.13043478259868
2520
-334.057971014505
2520
86.23188405797544
2520
-249.99999999999008
2520
-334.05797101449815
2520
-49.99999999999705
2520
94.92753623189031
2520
31.159420289863817
2520
-334.0579710144856
2520
-293.4782608695663
2520
-194.9275362318786
2520
-29.710144927532248
2520
-334.0579710145021
2520
-38.405797101442545
2520
-334.0579710144849
2520
-334.0579710145053
2520
-154.3478260869531
2520
161.59420289855018
2520
-226.81159420289455
2520
-9.420289855071482
2520
-128.26086956521655
2520
-316.66666666666254
2520
-334.0579710145002
2520
-177.53623188405473
2520
-334.05797101448553
2520
-276.0869565217375
2520
103.62318840579889
2520
210.8695652173917
2520
471.7391304347723
2520
-3.6231884057969745
2520
-316.66666666666487
2520
-299.2753623188322
2520
-249.99999999999008
2520
-334.05797101450474
2520
-15.217391304357715
2520
-249.99999999999008
2520
170.2898550724611
2520
-142.7536231884051
2520
210.86956521738773
2520
-171.73913043477756
2520
-241.3043478260861
2520
-244.20289855071505
2520
178.98550724638102
2520
158.6956521739184
2520
-249.99999999999008
2520
103.62318840580204
2520
-334.05797101450577
2520
103.62318840580483
2520
63.04347826087039
2520
-110.86956521739108
2520
-131.15942028985612
2520
-226.8115942028925
2520
-334.05797101450185
2520
-334.05797101450406
2520
-255.79710144927313
2520
-334.0579710144927
2520
-113.76811594202944
2520
-249.99999999999008
2520
-334.05797101450486
2520
-334.0579710144961
2520
-334.05797101450366
2520
-232.6086956521714
2520
-163.04347826086413
2520
-281.88405797101075
2520
-21.014492753623763
2520
-334.0579710145019
2520
202.17391304348038
2520
-284.78260869565463
2520
-165.94202898550594
2520
-194.9275362318831
2520
-334.057971014488
2520
-334.0579710145059
2520
-270.28985507246256
2520
-249.99999999999008
2520
68.8405797101431
2520
-58.695652173911895
2520
60.14492753623504
2520
-334.0579710145012
2520
-189.13043478260852
2520
-223.91304347825923
2520
-99.27536231883863
2520
-293.4782608695709
2520
-168.8405797101425
2520
-163.04347826086982
2520
-168.84057971014414
2520
-154.34782608695417
2520
-136.9565217391271
2520
-249.99999999999008
2520
