1891.9999999999975
1120
1902.0000000000007
1020
1879.9999999999936
1240
1878.2028985507263
1200
1893.9999999999964
1100
1898.000000000002
1060
518.1159420289541
2520
1889.9999999999964
1140
1896.0000000000011
1080
1894.2028985507334
1040
1862.202898550718
1360
1888.0000000000005
1160
1852.2028985507748
1460
1884.20289855073
1140
1876.0000000000111
1280
1902.0000000000018
1020
1893.9999999999966
1100
1871.9999999999957
1320
1906.2028985507332
920
1861.9999999999998
1420
1898.0000000000016
1060
1891.9999999999989
1120
1909.999999999996
940
1766.000000000006
2380
1900.2028985507295
980
1887.999999999998
1160
1872.2028985507277
1260
1910.0000000000093
940
1908.0000000000048
960
1883.9999999999955
1200
1880.2028985507338
1180
1896.0000000000075
1080
1874.0000000000086
1300
1879.9999999999948
1240
1888.0000000000052
1160
1887.999999999995
1160
1903.1014492753586
980
1891.9999999999973
1120
1906.0000000000039
980
1900.000000000003
1040
1883.9999999999955
1200
1872.0000000000105
1320
1899.9999999999964
1040
1896.0000000000043
1080
1912.000000000002
920
1899.9999999999943
1040
1904.0000000000102
1000
1875.1014492753648
1260
1906.0000000000045
980
1906.0000000000005
980
1890.000000000006
1140
1894.000000000006
1100
1900.0000000000014
1040
1885.9999999999964
1180
1876.0000000000086
1280
1894.000000000007
1100
1875.9999999999907
1280
1901.9999999999957
1020
1904.0000000000002
1000
1888.0000000000048
1160
1900.0000000000068
1040
1900.0000000000043
1040
1896.2028985507272
1020
1880.2028985507222
1180
1911.9999999999939
920
1902.0000000000086
1020
1905.9999999999911
980
1908.000000000009
960
1898.0
1060
1898.0000000000175
1060
1900.0000000000052
1040
1894.000000000007
1100
1922.0000000000005
820
1884.2028985507188
1140
1891.999999999997
1120
1893.999999999996
1100
1904.000000000006
1000
1876.0000000000066
1280
1902.0000000000098
1020
1886.2028985507225
1120
1888.0000000000034
1160
1904.0000000000093
1000
1892.2028985507209
1060
1898.0000000000023
1060
1894.0000000000034
1100
1893.999999999997
1100
1896.2028985507332
1020
1911.9999999999984
920
1902.000000000009
1020
1896.0000000000007
1080
1898.0000000000039
1060
1888.2028985507275
1100
1894.0000000000039
1100
1886.00000000001
1180
1896.0000000000082
1080
1885.9999999999989
1180
1904.0000000000123
1000
1892.0000000000018
1120
1900.000000000009
1040
1908.0000000000066
960
