1902.0000000000055
1020
1884.000000000012
1200
1886.2028985507357
1120
1885.9999999999898
1180
1897.9999999999975
1060
1882.000000000003
1220
1900.0000000000005
1040
1898.2028985507359
1000
1891.9999999999977
1120
1892.202898550714
1060
1878.202898550718
1200
1878.202898550724
1200
1896.0000000000136
1080
1899.1014492753632
1020
1884.202898550731
1140
1885.9999999999945
1180
1891.9999999999977
1120
1893.9999999999995
1100
1867.1014492753682
1340
1905.999999999998
980
1874.0000000000034
1300
1893.9999999999955
1100
1888.0000000000095
1160
1882.20289855074
1160
1880.2028985507416
1180
1892.0000000000043
1120
1888.2028985507216
1100
1897.9999999999982
1060
1900.000000000002
1040
1896.0
1080
1901.9999999999905
1020
1858.2028985507195
1400
1904.0000000000043
1000
1896.0000000000146
1080
1887.9999999999973
1160
1866.2028985507354
1320
1858.0000000000146
1460
1898.0000000000016
1060
1882.2028985507354
1160
1878.000000000007
1260
1880.2028985507181
1180
1886.0000000000045
1180
1876.2028985507227
1220
1900.000000000009
1040
1889.999999999999
1140
1882.0000000000043
1220
1900.000000000007
1040
1886.000000000006
1180
1863.9999999999986
1400
1894.000000000006
1100
1886.0000000000146
1180
1870.0000000000068
1340
1893.9999999999932
1100
1868.0000000000023
1360
1872.000000000009
1320
1880.0000000000052
1240
1904.0000000000157
1000
1889.9999999999936
1140
1871.304347826087
1240
1868.0000000000064
1360
1920.000000000005
840
1900.0000000000027
1040
1895.9999999999932
1080
1888.0000000000034
1160
1792.0000000000093
2120
1875.9999999999945
1280
1894.0
1100
1896.000000000006
1080
1911.9999999999927
920
1893.9999999999964
1100
1877.999999999997
1260
1892.0000000000146
1120
1900.2028985507243
980
1891.9999999999975
1120
1889.9999999999993
1140
1901.9999999999961
1020
1886.0000000000014
1180
1866.2028985507297
1320
1895.9999999999968
1080
1882.0000000000105
1220
1890.2028985507316
1080
1894.000000000002
1100
1900.2028985507293
980
1862.2028985507272
1360
1878.000000000004
1260
1886.0000000000011
1180
1885.999999999998
1180
1885.9999999999973
1180
1880.0000000000034
1240
1884.0000000000164
1200
1913.999999999994
900
1896.0000000000114
1080
1900.0000000000034
1040
1858.000000000011
1460
1867.9999999999948
1360
1901.9999999999989
1020
1903.9999999999934
1000
1890.2028985507143
1080
1899.101449275369
1020
1896.0000000000084
1080
