1906.2028985507225
920
1873.9999999999936
1300
1864.202898550724
1340
1871.999999999992
1320
1807.9999999999898
1960
1879.9999999999995
1240
1878.0000000000023
1260
1831.9999999999918
1720
1860.0000000000173
1440
1846.2028985507113
1520
1881.9999999999993
1220
1859.1014492753632
1420
1853.999999999987
1500
1865.9999999999993
1380
1890.2028985507263
1080
1858.0000000000093
1460
1895.9999999999955
1080
1882.0000000000005
1220
1871.9999999999998
1320
1873.9999999999932
1300
1882.000000000002
1220
1876.000000000012
1280
1886.2028985507284
1120
1886.0000000000034
1180
1885.9999999999957
1180
1859.9999999999955
1440
1801.999999999991
2020
1870.0000000000014
1340
1867.9999999999993
1360
1882.000000000011
1220
1874.000000000001
1300
1876.0000000000045
1280
1871.9999999999995
1320
1874.2028985507188
1240
1880.0000000000027
1240
1876.0000000000052
1280
1866.0000000000095
1380
1878.0
1260
1866.0000000000036
1380
1860.0000000000234
1440
1850.2028985507422
1480
1883.9999999999882
1200
1913.999999999999
900
1829.9999999999968
1740
1883.9999999999914
1200
1858.0000000000127
1460
1835.9999999999893
1680
1868.0000000000084
1360
1870.0000000000057
1340
1854.0
1500
1858.0000000000123
1460
1877.9999999999966
1260
1872.0000000000164
1320
1866.2028985507206
1320
1845.3043478260754
1500
1878.0000000000002
1260
1874.0
1300
1876.0000000000043
1280
1872.0000000000066
1320
1871.3043478260893
1240
1831.9999999999895
1720
1878.202898550734
1200
1879.9999999999895
1240
1878.0000000000086
1260
1870.0000000000048
1340
1871.9999999999927
1320
1860.0000000000123
1440
1879.9999999999955
1240
1831.9999999999989
1720
1842.0000000000025
1620
1871.9999999999895
1320
1902.0000000000061
1020
1894.0000000000095
1100
1879.9999999999955
1240
1876.202898550717
1220
1867.9999999999982
1360
1903.9999999999986
1000
1875.1014492753657
1260
1846.2028985507202
1520
1880.0000000000111
1240
1847.999999999997
1560
1875.999999999992
1280
1873.9999999999961
1300
1868.0000000000125
1360
1869.9999999999854
1340
1866.0000000000043
1380
1848.0000000000127
1560
1851.101449275361
1500
1884.0000000000002
1200
1870.000000000014
1340
1881.1014492753575
1200
1858.2028985507354
1400
1874.0000000000011
1300
1820.0000000000343
1840
1896.000000000014
1080
1853.9999999999952
1500
1834.0000000000105
1700
1883.9999999999982
1200
1880.0000000000123
1240
1886.0000000000073
1180
