1870.0000000000155
1340
1790.000000000003
2140
1849.9999999999911
1540
1849.9999999999918
1540
1842.0000000000077
1620
1820.0000000000048
1840
1821.9999999999882
1820
1827.9999999999977
1760
1859.999999999993
1440
1812.0000000000116
1920
1758.0000000000134
2460
1837.99999999998
1660
1852.0000000000043
1520
1812.0000000000043
1920
1829.999999999997
1740
1864.000000000003
1400
1796.0000000000014
2080
1863.9999999999982
1400
1835.9999999999975
1680
1822.0000000000105
1820
1794.0000000000198
2100
1819.9999999999943
1840
1800.0000000000077
2040
1815.999999999995
1880
1811.999999999997
1920
1783.9999999999911
2200
1782.0000000000148
2220
1825.9999999999982
1780
1863.999999999999
1400
1840.000000000001
1640
1824.0000000000014
1800
1867.9999999999973
1360
1818.000000000007
1860
1840.0000000000061
1640
1839.9999999999905
1640
1828.0000000000014
1760
1816.0000000000198
1880
1829.9999999999998
1740
1799.9999999999945
2040
1768.0000000000027
2360
1814.0000000000155
1900
1840.0000000000045
1640
1848.0000000000032
1560
1848.0000000000023
1560
1813.9999999999957
1900
1791.999999999993
2120
1844.2028985507195
1540
1848.0000000000152
1560
1836.0000000000093
1680
1822.2028985507316
1760
1778.0000000000039
2260
1844.0000000000111
1600
1846.0000000000057
1580
1832.2028985507143
1660
1848.0000000000095
1560
1796.0000000000114
2080
1806.0000000000023
1980
1834.0000000000034
1700
1798.0000000000002
2060
1815.1014492753613
1860
1853.9999999999945
1500
1755.9999999999934
2480
1849.9999999999766
1540
1848.0000000000005
1560
1795.9999999999995
2080
1811.1014492753673
1900
1813.999999999995
1900
1818.0000000000043
1860
1786.000000000014
2180
1853.999999999995
1500
1836.202898550727
1620
1810.0000000000134
1940
1858.000000000011
1460
1825.9999999999945
1780
1812.0000000000084
1920
1828.000000000002
1760
1791.9999999999925
2120
1833.9999999999939
1700
1792.0000000000075
2120
1833.9999999999964
1700
1834.000000000005
1700
1785.999999999992
2180
1836.000000000006
1680
1804.0000000000102
2000
1823.9999999999939
1800
1846.0000000000005
1580
1815.101449275377
1860
1804.2028985507368
1940
1834.0000000000075
1700
1827.999999999998
1760
1860.0000000000027
1440
1861.1014492753568
1400
1815.9999999999907
1880
1783.9999999999995
2200
1758.2028985507625
2400
1806.0000000000057
1980
1832.0000000000023
1720
1812.2028985507322
1860
1808.0000000000089
1960
1826.2028985507277
1720
