535.5072463767984
2520
599.2753623188459
2520
167.39130434782857
2520
92.02898550725052
2520
521.0144927536196
2520
729.710144927528
2520
234.05797101449798
2520
367.3913043478336
2520
758.6956521738944
2520
384.7826086956536
2520
-258.6956521739071
2520
692.0289855072427
2520
-41.30434782607875
2520
57.24637681159784
2520
-64.49275362318161
2520
590.5797101449203
2520
810.8695652173758
2520
292.02898550723603
2520
709.4202898550449
2520
-287.6811594202826
2520
-249.99999999999008
2520
51.44927536232545
2520
144.20289855072548
2520
1112.3188405797011
2520
865.9420289854979
2520
312.3188405797182
2520
1115.2173913043423
2520
770.2898550724476
2520
-252.89855072462717
2520
164.49275362319247
2520
-218.11594202898274
2520
451.4492753623276
2520
309.42028985507307
2520
181.8840579710191
2520
173.18840579708228
2520
384.78260869564554
2520
552.8985507246283
2520
390.5797101449291
2520
544.2028985507037
2520
-26.811594202895623
2520
-261.5942028985512
2520
1126.8115942029017
2520
219.56521739130244
2520
489.130434782615
2520
428.2608695651984
2520
1190.5797101449286
2520
405.0724637681199
2520
2.173913043485014
2520
425.3623188405684
2520
381.8840579710203
2520
-267.3913043478205
2520
-249.99999999999008
2520
-261.5942028985408
2520
413.7681159420294
2520
300.7246376811544
2520
202.1739130434816
2520
793.4782608695533
2520
94.92753623189235
2520
813.7681159420089
2520
-278.9855072463722
2520
399.27536231883573
2520
54.34782608696133
2520
202.17391304348612
2520
-157.24637681159302
2520
-102.17391304347117
2520
358.69565217391056
2520
1294.927536231885
2520
-128.260869565218
2520
-81.88405797101305
2520
48.55072463768576
2520
674.6376811594082
2520
-128.26086956520865
2520
567.391304347831
2520
205.0724637681138
2520
364.4927536231972
2520
-249.99999999999008
2520
1152.8985507246323
2520
-26.81159420289706
2520
776.0869565217209
2520
89.13043478261352
2520
216.66666666666686
2520
274.63768115942446
2520
109.42028985507608
2520
202.17391304348044
2520
-293.4782608695624
2520
538.4057971014286
2520
-249.99999999999008
2520
193.47826086956925
2520
86.23188405796881
2520
-258.6956521739045
2520
819.565217391295
2520
-26.811594202896003
2520
-252.89855072462868
2520
-249.99999999999008
2520
-96.37681159421183
2520
526.8115942028898
2520
196.37681159420856
2520
706.5217391304144
2520
613.7681159420117
2520
155.79710144927907
2520
